Last login: Sun Jan 26 18:32:18 on console
Chriss-MacBook-Pro:~ Chris$ latex
-bash: latex: command not found
Chriss-MacBook-Pro:~ Chris$ bibtex
-bash: bibtex: command not found
Chriss-MacBook-Pro:~ Chris$ ls
Desktop			Library			data
Documents		Movies			jython2.5.3
Downloads		Music			untitled folder
Dropbox (CWP cTeam)	Pictures
Home			Public
Chriss-MacBook-Pro:~ Chris$ cd Home
Chriss-MacBook-Pro:Home Chris$ ls
bin	box
Chriss-MacBook-Pro:Home Chris$ cd box
Chriss-MacBook-Pro:box Chris$ cd cg
Chriss-MacBook-Pro:cg Chris$ ls
bench		readme.txt
Chriss-MacBook-Pro:cg Chris$ cd bench
Chriss-MacBook-Pro:bench Chris$ git
usage: git [--version] [--help] [-c name=value]
           [--exec-path[=<path>]] [--html-path] [--man-path] [--info-path]
           [-p|--paginate|--no-pager] [--no-replace-objects] [--bare]
           [--git-dir=<path>] [--work-tree=<path>] [--namespace=<name>]
           <command> [<args>]

The most commonly used git commands are:
   add        Add file contents to the index
   bisect     Find by binary search the change that introduced a bug
   branch     List, create, or delete branches
   checkout   Checkout a branch or paths to the working tree
   clone      Clone a repository into a new directory
   commit     Record changes to the repository
   diff       Show changes between commits, commit and working tree, etc
   fetch      Download objects and refs from another repository
   grep       Print lines matching a pattern
   init       Create an empty Git repository or reinitialize an existing one
   log        Show commit logs
   merge      Join two or more development histories together
   mv         Move or rename a file, a directory, or a symlink
   pull       Fetch from and integrate with another repository or a local branch
   push       Update remote refs along with associated objects
   rebase     Forward-port local commits to the updated upstream head
   reset      Reset current HEAD to the specified state
   rm         Remove files from the working tree and from the index
   show       Show various types of objects
   status     Show the working tree status
   tag        Create, list, delete or verify a tag object signed with GPG

'git help -a' and 'git help -g' lists available subcommands and some
concept guides. See 'git help <command>' or 'git help <concept>'
to read about a specific subcommand or concept.
Chriss-MacBook-Pro:bench Chris$ ls
build		build.gradle~	design.txt	gradlew
build.gradle	build.xml	gradle		src
Chriss-MacBook-Pro:bench Chris$ cd src
Chriss-MacBook-Pro:src Chris$ ls
dsiganaly	linalgebra	testing
dwarp		nmoCG.py	warpCG
Chriss-MacBook-Pro:src Chris$ cd warpCG
Chriss-MacBook-Pro:warpCG Chris$ ls
'				nmotimevig.py~
SymmetricToeplitzFMatrix.java~	nmouncert.py
gbc.py				nmouncert.py~
gbc.py~				nmouncertvig.py
imports$py.class		nmouncertvig.py~
imports.py			nmovig.py
nmo.py				nmovig.py~
nmo.py~				synthetic$py.class
nmospace.py~			synthetic.py
nmospacevig.py			synthetic.txt
nmospacevig.py~			test.py~
nmotime - Copy.py~		view.py~
nmotime.py			viewgbc.py
nmotime.py~			viewgbc.py~
nmotimevig.py
Chriss-MacBook-Pro:warpCG Chris$ mvim synthetic.py
Chriss-MacBook-Pro:warpCG Chris$ ls
'				nmotimevig.py
SymmetricToeplitzFMatrix.java~	nmotimevig.py~
figures				nmouncert.py
figures.py			nmouncert.py~
gbc.py				nmouncertvig.py
gbc.py~				nmouncertvig.py~
imports$py.class		nmovig.py
imports.py			nmovig.py~
nmo.py				synthetic$py.class
nmo.py~				synthetic.py
nmospace.py~			synthetic.txt
nmospacevig.py			test.py~
nmospacevig.py~			view.py~
nmotime - Copy.py~		viewgbc.py
nmotime.py			viewgbc.py~
nmotime.py~
Chriss-MacBook-Pro:warpCG Chris$ rm figures
Chriss-MacBook-Pro:warpCG Chris$ jyr figures.py
*sys-package-mgr*: processing new jar, '/Users/Chris/Home/box/jtk/build/libs/edu_mines_jtk.jar'
*sys-package-mgr*: processing new jar, '/Users/Chris/Home/box/jtk/libs/arpack-java.jar'
*sys-package-mgr*: processing new jar, '/Users/Chris/Home/box/jtk/libs/netlib-java.jar'
*sys-package-mgr*: processing new jar, '/Users/Chris/Home/box/jtk/libs/gluegen-rt.jar'
*sys-package-mgr*: processing new jar, '/Users/Chris/Home/box/jtk/libs/jogl-all.jar'
*sys-package-mgr*: processing new jar, '/Users/Chris/Home/box/jtk/libs/junit.jar'
*sys-package-mgr*: processing new jar, '/Users/Chris/Home/box/jtk/libs/jythonlib.jar'
*sys-package-mgr*: processing new jar, '/Library/Java/JavaVirtualMachines/jdk1.7.0_51.jdk/Contents/Home/jre/lib/resources.jar'
*sys-package-mgr*: processing new jar, '/Library/Java/JavaVirtualMachines/jdk1.7.0_51.jdk/Contents/Home/jre/lib/rt.jar'
*sys-package-mgr*: processing new jar, '/Library/Java/JavaVirtualMachines/jdk1.7.0_51.jdk/Contents/Home/jre/lib/jsse.jar'
*sys-package-mgr*: processing new jar, '/Library/Java/JavaVirtualMachines/jdk1.7.0_51.jdk/Contents/Home/jre/lib/jce.jar'
*sys-package-mgr*: processing new jar, '/Library/Java/JavaVirtualMachines/jdk1.7.0_51.jdk/Contents/Home/jre/lib/charsets.jar'
*sys-package-mgr*: processing new jar, '/Library/Java/JavaVirtualMachines/jdk1.7.0_51.jdk/Contents/Home/jre/lib/jfr.jar'
*sys-package-mgr*: processing new jar, '/Library/Java/JavaVirtualMachines/jdk1.7.0_51.jdk/Contents/Home/jre/lib/ext/dnsns.jar'
*sys-package-mgr*: processing new jar, '/Library/Java/JavaVirtualMachines/jdk1.7.0_51.jdk/Contents/Home/jre/lib/ext/localedata.jar'
*sys-package-mgr*: processing new jar, '/Library/Java/JavaVirtualMachines/jdk1.7.0_51.jdk/Contents/Home/jre/lib/ext/sunec.jar'
*sys-package-mgr*: processing new jar, '/Library/Java/JavaVirtualMachines/jdk1.7.0_51.jdk/Contents/Home/jre/lib/ext/sunjce_provider.jar'
*sys-package-mgr*: processing new jar, '/Library/Java/JavaVirtualMachines/jdk1.7.0_51.jdk/Contents/Home/jre/lib/ext/sunpkcs11.jar'
*sys-package-mgr*: processing new jar, '/Library/Java/JavaVirtualMachines/jdk1.7.0_51.jdk/Contents/Home/jre/lib/ext/zipfs.jar'
*sys-package-mgr*: processing new jar, '/System/Library/Java/Extensions/MRJToolkit.jar'
*sys-package-mgr*: processing new jar, '/System/Library/Java/Extensions/QTJava.zip'
c=
[[ 601.620,  593.013],
 [ 593.013,  623.302]]

b=
[[-572.595],
 [-527.152]]

a1 = -1.89880785905  a2 = 0.960789439152
a awarp = 0.5
{ 1.000000, -1.898730,  0.960721}
Chriss-MacBook-Pro:warpCG Chris$ jyr figures.py
c=
[[ 1200.79,  1184.30],
 [ 1184.30,  1244.38]]

b=
[[-1142.21],
 [-1053.17]]

a1 = -1.89880785905  a2 = 0.960789439152
a awarp = 2
{ 1.000000, -1.898807,  0.960789}
Chriss-MacBook-Pro:warpCG Chris$ jyr figures.py
Exception in thread "AWT-EventQueue-0" Traceback (most recent call last):
  File "figures.py", line 525, in run
    main(sys.argv)
  File "figures.py", line 13, in main
    sameWNoOverlapAwarp2()
NameError: global name 'sameWNoOverlapAwarp2' is not defined
Chriss-MacBook-Pro:warpCG Chris$ jyr figures.py
c=
[[ 1200.79,  1184.30],
 [ 1184.30,  1244.38]]

b=
[[-1142.21],
 [-1053.17]]

a1 = -1.89880785905  a2 = 0.960789439152
a awarp = 2
{ 1.000000, -1.898807,  0.960789}
Chriss-MacBook-Pro:warpCG Chris$ jyr figures.py
c=
[[ 1200.792,  1184.301,  1084.912,   913.766],
 [ 1184.301,  1244.381,  1222.474,  1120.207],
 [ 1084.912,  1222.474,  1286.786,  1262.806],
 [  913.766,  1120.207,  1262.806,  1325.597]]

b=
[[-1142.210],
 [-1053.172],
 [ -885.500],
 [ -658.784]]

a1 = -1.89880785905  a2 = 0.960789439152
a awarp = 2
{ 1.00000e+00, -1.89875e+00,  9.60706e-01,  1.65512e-05,  1.74346e-05}
Chriss-MacBook-Pro:warpCG Chris$ jyr figures.py
c=
[[ 1200.7924,  1184.3007,  1084.9119,   913.7664,   667.0759, 
    379.4890,    54.8139,  -261.5475,  -561.9029],
 [ 1184.3007,  1244.3809,  1222.4735,  1120.2066,   930.7558, 
    682.3076,   375.3678,    55.4785,  -271.8352],
 [ 1084.9119,  1222.4735,  1286.7859,  1262.8059,  1145.1525, 
    953.4679,   684.7881,   381.8633,    47.6066],
 [  913.7664,  1120.2066,  1262.8059,  1325.5967,  1294.4241, 
   1174.1854,   962.6599,   696.9340,   377.0141],
 [  667.0759,   930.7558,  1145.1525,  1294.4241,  1358.3776, 
   1323.9993,  1189.7695,   979.9029,   695.5432],
 [  379.4890,   682.3076,   953.4679,  1174.1854,  1323.9993, 
   1383.5044,  1341.4893,  1207.0423,   982.2018],
 [   54.8139,   375.3678,   684.7881,   962.6599,  1189.7695, 
   1341.4893,  1399.5486,  1354.5734,  1209.2909],
 [ -261.5475,    55.4785,   381.8633,   696.9340,   979.9029, 
   1207.0423,  1354.5734,  1406.0433,  1354.3238],
 [ -561.9029,  -271.8352,    47.6066,   377.0141,   695.5432, 
    982.2018,  1209.2909,  1354.3238,  1402.7890]]

b=
[[-1142.2105],
 [-1053.1715],
 [ -885.4998],
 [ -658.7843],
 [ -372.3888],
 [  -65.0229],
 [  256.5680],
 [  549.9313],
 [  805.7691]]

a1 = -1.89880785905  a2 = 0.960789439152
a awarp = 2
{ 1.00000e+00, -1.89858e+00,  9.60462e-01,  6.10832e-05,  6.39187e-05, 
 -5.18817e-05,  8.02869e-05, -4.87272e-05,  2.43669e-05, -3.24533e-06}
Chriss-MacBook-Pro:warpCG Chris$ jyr figures.py
c=
[[ 1082.7995,  1065.5145,   830.1122,   624.7191,   362.6012, 
     75.2410,  -232.1332,  -520.3577,  -778.5410],
 [ 1065.5145,  1121.4822,  1015.1295,   861.9067,   639.0220, 
    372.9676,    66.1751,  -241.1432,  -539.8383],
 [  830.1122,  1015.1295,  1200.7924,  1184.3007,  1084.9119, 
    913.7664,   667.0759,   379.4890,    54.8139],
 [  624.7191,   861.9067,  1184.3007,  1244.3809,  1222.4735, 
   1120.2066,   930.7558,   682.3076,   375.3678],
 [  362.6012,   639.0220,  1084.9119,  1222.4735,  1286.7859, 
   1262.8059,  1145.1525,   953.4679,   684.7881],
 [   75.2410,   372.9676,   913.7664,  1120.2066,  1262.8059, 
   1325.5967,  1294.4241,  1174.1854,   962.6599],
 [ -232.1332,    66.1751,   667.0759,   930.7558,  1145.1525, 
   1294.4241,  1358.3776,  1323.9993,  1189.7695],
 [ -520.3577,  -241.1432,   379.4890,   682.3076,   953.4679, 
   1174.1854,  1323.9993,  1383.5044,  1341.4893],
 [ -778.5410,  -539.8383,    54.8139,   375.3678,   684.7881, 
    962.6599,  1189.7695,  1341.4893,  1399.5486]]

b=
[[ -981.2893],
 [-1103.2227],
 [-1142.2105],
 [-1053.1715],
 [ -885.4998],
 [ -658.7843],
 [ -372.3888],
 [  -65.0229],
 [  256.5680]]

a1 = -1.89880785905  a2 = 0.960789439152
a awarp = 2
{-2.24202e-01, -1.72755e-01,  1.00000e+00, -7.24962e-01,  7.57802e-02, 
  1.84402e-05,  4.99679e-05, -3.43939e-05,  2.83334e-05, -5.23112e-06}
Chriss-MacBook-Pro:warpCG Chris$ jyr figures.py
c=
[[ 1121.4822,  1015.1295,   861.9067,   639.0220,   372.9676, 
     66.1751,  -241.1432,  -539.8383,  -792.9221],
 [ 1015.1295,  1200.7924,  1184.3007,  1084.9119,   913.7664, 
    667.0759,   379.4890,    54.8139,  -261.5475],
 [  861.9067,  1184.3007,  1244.3809,  1222.4735,  1120.2066, 
    930.7558,   682.3076,   375.3678,    55.4785],
 [  639.0220,  1084.9119,  1222.4735,  1286.7859,  1262.8059, 
   1145.1525,   953.4679,   684.7881,   381.8633],
 [  372.9676,   913.7664,  1120.2066,  1262.8059,  1325.5967, 
   1294.4241,  1174.1854,   962.6599,   696.9340],
 [   66.1751,   667.0759,   930.7558,  1145.1525,  1294.4241, 
   1358.3776,  1323.9993,  1189.7695,   979.9029],
 [ -241.1432,   379.4890,   682.3076,   953.4679,  1174.1854, 
   1323.9993,  1383.5044,  1341.4893,  1207.0423],
 [ -539.8383,    54.8139,   375.3678,   684.7881,   962.6599, 
   1189.7695,  1341.4893,  1399.5486,  1354.5734],
 [ -792.9221,  -261.5475,    55.4785,   381.8633,   696.9340, 
    979.9029,  1207.0423,  1354.5734,  1406.0433]]

b=
[[-1103.2227],
 [-1142.2105],
 [-1053.1715],
 [ -885.4998],
 [ -658.7843],
 [ -372.3888],
 [  -65.0229],
 [  256.5680],
 [  549.9313]]

a1 = -1.89880785905  a2 = 0.960789439152
a awarp = 2
{-4.12296e-01,  1.00000e+00, -8.08270e-01,  2.08405e-01,  4.75609e-05, 
  2.64830e-05, -2.29230e-05,  4.79061e-05, -3.07768e-05,  1.37682e-05}
Chriss-MacBook-Pro:warpCG Chris$ jyr figures.py
c=
[[ 1200.7924,  1184.3007,  1084.9119,   913.7664,   667.0759, 
    379.4890,    54.8139,  -261.5475,  -561.9029],
 [ 1184.3007,  1244.3809,  1222.4735,  1120.2066,   930.7558, 
    682.3076,   375.3678,    55.4785,  -271.8352],
 [ 1084.9119,  1222.4735,  1286.7859,  1262.8059,  1145.1525, 
    953.4679,   684.7881,   381.8633,    47.6066],
 [  913.7664,  1120.2066,  1262.8059,  1325.5967,  1294.4241, 
   1174.1854,   962.6599,   696.9340,   377.0141],
 [  667.0759,   930.7558,  1145.1525,  1294.4241,  1358.3776, 
   1323.9993,  1189.7695,   979.9029,   695.5432],
 [  379.4890,   682.3076,   953.4679,  1174.1854,  1323.9993, 
   1383.5044,  1341.4893,  1207.0423,   982.2018],
 [   54.8139,   375.3678,   684.7881,   962.6599,  1189.7695, 
   1341.4893,  1399.5486,  1354.5734,  1209.2909],
 [ -261.5475,    55.4785,   381.8633,   696.9340,   979.9029, 
   1207.0423,  1354.5734,  1406.0433,  1354.3238],
 [ -561.9029,  -271.8352,    47.6066,   377.0141,   695.5432, 
    982.2018,  1209.2909,  1354.3238,  1402.7890]]

b=
[[-1142.2105],
 [-1053.1715],
 [ -885.4998],
 [ -658.7843],
 [ -372.3888],
 [  -65.0229],
 [  256.5680],
 [  549.9313],
 [  805.7691]]

a1 = -1.89880785905  a2 = 0.960789439152
a awarp = 2
{ 1.00000e+00, -1.89858e+00,  9.60462e-01,  6.10832e-05,  6.39187e-05, 
 -5.18817e-05,  8.02869e-05, -4.87272e-05,  2.43669e-05, -3.24533e-06}
Chriss-MacBook-Pro:warpCG Chris$ jyr figures.py
c=
[[ 1121.4822,  1015.1295,   861.9067,   639.0220,   372.9676, 
     66.1751,  -241.1432,  -539.8383,  -792.9221],
 [ 1015.1295,  1200.7924,  1184.3007,  1084.9119,   913.7664, 
    667.0759,   379.4890,    54.8139,  -261.5475],
 [  861.9067,  1184.3007,  1244.3809,  1222.4735,  1120.2066, 
    930.7558,   682.3076,   375.3678,    55.4785],
 [  639.0220,  1084.9119,  1222.4735,  1286.7859,  1262.8059, 
   1145.1525,   953.4679,   684.7881,   381.8633],
 [  372.9676,   913.7664,  1120.2066,  1262.8059,  1325.5967, 
   1294.4241,  1174.1854,   962.6599,   696.9340],
 [   66.1751,   667.0759,   930.7558,  1145.1525,  1294.4241, 
   1358.3776,  1323.9993,  1189.7695,   979.9029],
 [ -241.1432,   379.4890,   682.3076,   953.4679,  1174.1854, 
   1323.9993,  1383.5044,  1341.4893,  1207.0423],
 [ -539.8383,    54.8139,   375.3678,   684.7881,   962.6599, 
   1189.7695,  1341.4893,  1399.5486,  1354.5734],
 [ -792.9221,  -261.5475,    55.4785,   381.8633,   696.9340, 
    979.9029,  1207.0423,  1354.5734,  1406.0433]]

b=
[[-1103.2227],
 [-1142.2105],
 [-1053.1715],
 [ -885.4998],
 [ -658.7843],
 [ -372.3888],
 [  -65.0229],
 [  256.5680],
 [  549.9313]]

a1 = -1.89880785905  a2 = 0.960789439152
a awarp = 2
{-4.12296e-01,  1.00000e+00, -8.08270e-01,  2.08405e-01,  4.75609e-05, 
  2.64830e-05, -2.29230e-05,  4.79061e-05, -3.07768e-05,  1.37682e-05}
Chriss-MacBook-Pro:warpCG Chris$ jyr figures.py
c=
[[ 1121.4822,  1015.1295,   861.9067,   639.0220,   372.9676, 
     66.1751,  -241.1432,  -539.8383,  -792.9221],
 [ 1015.1295,  1200.7924,  1184.3007,  1084.9119,   913.7664, 
    667.0759,   379.4890,    54.8139,  -261.5475],
 [  861.9067,  1184.3007,  1244.3809,  1222.4735,  1120.2066, 
    930.7558,   682.3076,   375.3678,    55.4785],
 [  639.0220,  1084.9119,  1222.4735,  1286.7859,  1262.8059, 
   1145.1525,   953.4679,   684.7881,   381.8633],
 [  372.9676,   913.7664,  1120.2066,  1262.8059,  1325.5967, 
   1294.4241,  1174.1854,   962.6599,   696.9340],
 [   66.1751,   667.0759,   930.7558,  1145.1525,  1294.4241, 
   1358.3776,  1323.9993,  1189.7695,   979.9029],
 [ -241.1432,   379.4890,   682.3076,   953.4679,  1174.1854, 
   1323.9993,  1383.5044,  1341.4893,  1207.0423],
 [ -539.8383,    54.8139,   375.3678,   684.7881,   962.6599, 
   1189.7695,  1341.4893,  1399.5486,  1354.5734],
 [ -792.9221,  -261.5475,    55.4785,   381.8633,   696.9340, 
    979.9029,  1207.0423,  1354.5734,  1406.0433]]

b=
[[-1103.2227],
 [-1142.2105],
 [-1053.1715],
 [ -885.4998],
 [ -658.7843],
 [ -372.3888],
 [  -65.0229],
 [  256.5680],
 [  549.9313]]

a1 = -1.89880785905  a2 = 0.960789439152
a awarp = 2
{-4.12296e-01,  1.00000e+00, -8.08270e-01,  2.08405e-01,  4.75609e-05, 
  2.64830e-05, -2.29230e-05,  4.79061e-05, -3.07768e-05,  1.37682e-05}
Chriss-MacBook-Pro:warpCG Chris$ jyr figures.py
c=
[[ 1121.4822,  1015.1295,   861.9067,   639.0220,   372.9676, 
     66.1751,  -241.1432,  -539.8383,  -792.9221],
 [ 1015.1295,  1200.7924,  1184.3007,  1084.9119,   913.7664, 
    667.0759,   379.4890,    54.8139,  -261.5475],
 [  861.9067,  1184.3007,  1244.3809,  1222.4735,  1120.2066, 
    930.7558,   682.3076,   375.3678,    55.4785],
 [  639.0220,  1084.9119,  1222.4735,  1286.7859,  1262.8059, 
   1145.1525,   953.4679,   684.7881,   381.8633],
 [  372.9676,   913.7664,  1120.2066,  1262.8059,  1325.5967, 
   1294.4241,  1174.1854,   962.6599,   696.9340],
 [   66.1751,   667.0759,   930.7558,  1145.1525,  1294.4241, 
   1358.3776,  1323.9993,  1189.7695,   979.9029],
 [ -241.1432,   379.4890,   682.3076,   953.4679,  1174.1854, 
   1323.9993,  1383.5044,  1341.4893,  1207.0423],
 [ -539.8383,    54.8139,   375.3678,   684.7881,   962.6599, 
   1189.7695,  1341.4893,  1399.5486,  1354.5734],
 [ -792.9221,  -261.5475,    55.4785,   381.8633,   696.9340, 
    979.9029,  1207.0423,  1354.5734,  1406.0433]]

b=
[[-1103.2227],
 [-1142.2105],
 [-1053.1715],
 [ -885.4998],
 [ -658.7843],
 [ -372.3888],
 [  -65.0229],
 [  256.5680],
 [  549.9313]]

a1 = -1.89880785905  a2 = 0.960789439152
a awarp = 2
{-4.12296e-01,  1.00000e+00, -8.08270e-01,  2.08405e-01,  4.75609e-05, 
  2.64830e-05, -2.29230e-05,  4.79061e-05, -3.07768e-05,  1.37682e-05}
Chriss-MacBook-Pro:warpCG Chris$ jyr figures.py
c=
[[  941.7215,   910.0887,   813.7443,   664.9251,   480.0787, 
    263.3741,    44.4096,  -182.9602,  -393.3468,  -595.0570, 
   -893.3539,  -969.9814,  -984.6691,  -934.8074,  -813.9819, 
   -640.9999,  -414.9099,  -170.3792,    89.2700],
 [  910.0887,   949.7533,   915.0694,   822.0197,   676.7881, 
    487.4746,   277.6814,    48.7616,  -175.9257,  -404.4527, 
   -791.0757,  -925.0207, -1003.9190, -1017.3576,  -956.9834, 
   -834.2679,  -645.5554,  -422.2052,  -165.3746],
 [  813.7443,   915.0694,   948.1858,   921.4852,   829.9595, 
    685.1097,   502.5595,   286.7945,    61.7176,  -179.9778, 
   -633.5900,  -818.5507,  -959.1901, -1037.6455, -1044.0843, 
   -981.6035,  -843.9678,  -657.0713,  -419.7428],
 [  664.9251,   822.0197,   921.4852,   965.5641,   935.8404, 
    846.6132,   704.1942,   516.0400,   305.0776,    65.2684, 
   -428.8038,  -654.9301,  -850.7576,  -991.8218, -1067.3850, 
  -1071.6276,  -996.0323,  -859.1338,  -657.4137],
 [  480.0787,   676.7881,   829.9595,   935.8404,   974.6594, 
    952.1864,   864.4660,   721.3508,   538.6884,   316.3127, 
   -187.9974,  -442.3816,  -683.0162,  -880.1442, -1022.7779, 
  -1096.1934, -1090.0471, -1014.0187,  -862.3733],
 [  263.3741,   487.4746,   685.1097,   846.6132,   952.1864, 
   1000.6415,   975.5109,   888.5052,   747.0815,   557.1965, 
     74.7642,  -192.6205,  -464.3673,  -707.1300,  -910.3701, 
  -1051.0451, -1117.5786, -1109.8091, -1020.0648],
 [   44.4096,   277.6814,   502.5595,   704.1942,   864.4660, 
    975.5109,  1020.2510,  1000.9994,   915.7841,   771.9655, 
    343.4263,    79.7598,  -206.8381,  -481.4370,  -734.6455, 
   -936.2500, -1074.1371, -1137.9134, -1118.3860],
 [ -182.9602,    48.7616,   286.7945,   516.0400,   721.3508, 
    888.5052,  1000.9994,  1053.5091,  1032.2933,   945.6990, 
    600.8977,   358.1107,    74.5442,  -215.4754,  -504.3569, 
   -756.3716,  -959.6292, -1093.7567, -1148.5715],
 [ -393.3468,  -175.9257,    61.7176,   305.0776,   538.6884, 
    747.0815,   915.7841,  1032.2933,  1082.7995,  1065.5145, 
    830.1122,   624.7191,   362.6012,    75.2410,  -232.1332, 
   -520.3577,  -778.5410,  -977.2383, -1105.8930],
 [ -595.0570,  -404.4527,  -179.9778,    65.2684,   316.3127, 
    557.1965,   771.9655,   945.6990,  1065.5145,  1121.4822, 
   1015.1295,   861.9067,   639.0220,   372.9676,    66.1751, 
   -241.1432,  -539.8383,  -792.9221,  -990.1306],
 [ -893.3539,  -791.0757,  -633.5900,  -428.8038,  -187.9974, 
     74.7642,   343.4263,   600.8977,   830.1122,  1015.1295, 
   1200.7924,  1184.3007,  1084.9119,   913.7664,   667.0759, 
    379.4890,    54.8139,  -261.5475,  -561.9029],
 [ -969.9814,  -925.0207,  -818.5507,  -654.9301,  -442.3816, 
   -192.6205,    79.7598,   358.1107,   624.7191,   861.9067, 
   1184.3007,  1244.3809,  1222.4735,  1120.2066,   930.7558, 
    682.3076,   375.3678,    55.4785,  -271.8352],
 [ -984.6691, -1003.9190,  -959.1901,  -850.7576,  -683.0162, 
   -464.3673,  -206.8381,    74.5442,   362.6012,   639.0220, 
   1084.9119,  1222.4735,  1286.7859,  1262.8059,  1145.1525, 
    953.4679,   684.7881,   381.8633,    47.6066],
 [ -934.8074, -1017.3576, -1037.6455,  -991.8218,  -880.1442, 
   -707.1300,  -481.4370,  -215.4754,    75.2410,   372.9676, 
    913.7664,  1120.2066,  1262.8059,  1325.5967,  1294.4241, 
   1174.1854,   962.6599,   696.9340,   377.0141],
 [ -813.9819,  -956.9834, -1044.0843, -1067.3850, -1022.7779, 
   -910.3701,  -734.6455,  -504.3569,  -232.1332,    66.1751, 
    667.0759,   930.7558,  1145.1525,  1294.4241,  1358.3776, 
   1323.9993,  1189.7695,   979.9029,   695.5432],
 [ -640.9999,  -834.2679,  -981.6035, -1071.6276, -1096.1934, 
  -1051.0451,  -936.2500,  -756.3716,  -520.3577,  -241.1432, 
    379.4890,   682.3076,   953.4679,  1174.1854,  1323.9993, 
   1383.5044,  1341.4893,  1207.0423,   982.2018],
 [ -414.9099,  -645.5554,  -843.9678,  -996.0323, -1090.0471, 
  -1117.5786, -1074.1371,  -959.6292,  -778.5410,  -539.8383, 
     54.8139,   375.3678,   684.7881,   962.6599,  1189.7695, 
   1341.4893,  1399.5486,  1354.5734,  1209.2909],
 [ -170.3792,  -422.2052,  -657.0713,  -859.1338, -1014.0187, 
  -1109.8091, -1137.9134, -1093.7567,  -977.2383,  -792.9221, 
   -261.5475,    55.4785,   381.8633,   696.9340,   979.9029, 
   1207.0423,  1354.5734,  1406.0433,  1354.3238],
 [   89.2700,  -165.3746,  -419.7428,  -657.4137,  -862.3733, 
  -1020.0648, -1118.3860, -1148.5715, -1105.8930,  -990.1306, 
   -561.9029,  -271.8352,    47.6066,   377.0141,   695.5432, 
    982.2018,  1209.2909,  1354.3238,  1402.7890]]

b=
[[  761.9358],
 [  609.4024],
 [  411.3306],
 [  178.6402],
 [  -75.0709],
 [ -334.2930],
 [ -582.5285],
 [ -803.3151],
 [ -981.2893],
 [-1103.2227],
 [-1142.2105],
 [-1053.1715],
 [ -885.4998],
 [ -658.7843],
 [ -372.3888],
 [  -65.0229],
 [  256.5680],
 [  549.9313],
 [  805.7691]]

a1 = -1.89880785905  a2 = 0.960789439152
a awarp = 2
{ 7.15412e-06, -1.47196e-05, -6.53544e-02,  1.24119e-01, -6.28237e-02, 
  4.13342e-05, -1.63448e-01,  3.10277e-01, -5.00121e-01, -4.56800e-02, 
  1.00000e+00, -6.80757e-01,  5.40681e-03,  5.30094e-05, -2.84576e-05, 
  8.11133e-06,  3.82106e-05, -3.11976e-05,  7.48008e-06,  4.87424e-06}
Chriss-MacBook-Pro:warpCG Chris$ jyr figures.py
c=
[[ 1157.50997,  1102.21878,   978.92825,   791.40714,   571.02101, 
    311.45947,    59.60627,  -198.81145,  -413.73620,  -604.15718, 
   -728.45806,  -806.72856,  -818.14370,  -787.41393,  -712.45702, 
   -605.44029,  -472.87777,  -314.22297,  -143.01355,    45.99349, 
    417.81781,   579.01471,   710.86650,   796.78503,   828.69964, 
    805.57676,   721.63482,   594.34172,   421.86614,   234.30003, 
     31.30359,  -155.80254,  -328.97139,  -466.20812,  -571.06951, 
   -635.99154,  -662.53596,  -656.99402,  -614.74990],
 [ 1102.21878,  1127.69793,  1073.24869,   949.42260,   774.01219, 
    547.01614,   307.06267,    44.85638,  -191.49951,  -417.85492, 
   -588.81844,  -723.27782,  -788.58052,  -811.05849,  -781.67748, 
   -716.61352,  -616.71313,  -484.88844,  -330.27176,  -148.78695, 
    243.05608,   431.55376,   602.69634,   735.22178,   820.60351, 
    850.81283,   818.45384,   734.63588,   595.73570,   428.99878, 
    232.82012,    40.41237,  -151.19853,  -314.21515,  -453.87384, 
   -554.92952,  -621.81763,  -653.25708,  -648.22363],
 [  978.92825,  1073.24869,  1091.18994,  1039.46956,   920.77007, 
    741.77921,   530.11119,   282.26272,    41.14973,  -204.89884, 
   -409.65824,  -589.76211,  -706.93865,  -783.34558,  -803.29569, 
   -786.09384,  -726.63312,  -631.23756,  -503.86523,  -341.91741, 
     45.48294,   250.23526,   451.23135,   623.71622,   759.23884, 
    843.00785,   866.42425,   833.26272,   738.26865,   603.96728, 
    427.54030,   242.02705,    43.58256,  -135.74952,  -302.61588, 
   -434.76043,  -539.32343,  -607.22502,  -641.24533],
 [  791.40714,   949.42260,  1039.46956,  1066.13406,  1014.11730, 
    896.63759,   728.06426,   511.14849,   280.63871,    29.96614, 
   -196.75911,  -412.75154,  -576.35971,  -703.96731,  -773.97472, 
   -807.69792,  -794.16305,  -742.83733,  -652.03809,  -520.87196, 
   -163.08716,    45.37435,   264.47580,   467.42366,   646.39069, 
    780.50110,   860.45843,   882.15986,   838.99183,   747.11358, 
    602.62579,   436.25599,   243.50089,    58.75640,  -125.66327, 
   -281.64060,  -418.67049,  -520.14180,  -592.61488],
 [  571.02101,   774.01219,   920.77007,  1014.11730,  1032.68338, 
    985.38768,   872.00952,   701.70276,   498.48511,   261.47207, 
     29.61615,  -206.05352,  -403.27034,  -575.93591,  -693.52711, 
   -778.07798,  -813.21623,  -811.06983,  -764.19371,  -673.52712, 
   -369.64760,  -170.77366,    53.03747,   274.59900,   487.23791, 
    665.09240,   798.73981,   876.14303,   889.70075,   847.90397, 
    745.97979,   610.26738,   435.86869,   257.40903,    66.61694, 
   -104.10339,  -266.08503,  -395.94981,  -503.76939],
 [  311.45947,   547.01614,   741.77921,   896.63759,   985.38768, 
   1014.19131,   965.57497,   854.76598,   693.06401,   485.55790, 
    263.31918,    22.37251,  -197.10186,  -405.52542,  -565.05634, 
   -697.05467,  -780.58559,  -829.76397,  -831.62748,  -788.96218, 
   -560.79135,  -384.72580,  -170.45106,    56.19061,   290.15798, 
    502.06817,   682.97501,   813.35982,   885.08361,   898.10844, 
    847.06008,   752.01109,   607.96853,   447.56277,   262.44635, 
     87.39470,   -90.10735,  -241.14660,  -378.79958],
 [   59.60627,   307.06267,   530.11119,   728.06426,   872.00952, 
    965.57497,   986.08355,   943.81578,   836.17578,   674.15300, 
    478.56189,   250.77191,    26.03220,  -201.99967,  -394.89029, 
   -567.75697,  -696.26667,  -795.69175,  -848.16365,  -858.21091, 
   -723.55794,  -582.58978,  -392.06378,  -174.75563,    66.31704, 
    300.00204,   518.42635,   695.54353,   823.18003,   892.42337, 
    897.62018,   851.02570,   747.87042,   616.60327,   449.33626, 
    281.06938,    98.86450,   -64.46950,  -224.29305],
 [ -198.81145,    44.85638,   282.26272,   511.14849,   701.70276, 
    854.76598,   943.81578,   975.61317,   931.18537,   826.95433, 
    671.71609,   472.31469,   256.59293,    22.86312,  -192.30504, 
   -396.55608,  -563.58987,  -708.89817,  -810.65876,  -874.92159, 
   -846.28951,  -750.94507,  -597.42798,  -403.85303,  -170.93693, 
     70.33627,   313.71833,   528.04900,   705.64603,   828.93516, 
    892.33721,   899.18051,   845.23572,   752.76448,   614.86584, 
    464.51567,   289.17023,   123.57660,   -49.01192],
 [ -413.73620,  -191.49951,    41.14973,   280.63871,   498.48511, 
    693.06401,   836.17578,   931.18537,   954.88248,   917.94620, 
    816.10801,   661.41840,   472.10437,   251.26425,    30.95344, 
   -192.78623,  -389.14062,  -572.83058,  -719.32655,  -835.87174, 
   -919.43428,  -877.72622,  -772.63197,  -616.24653,  -406.84564, 
   -173.23946,    80.41795,   319.65396,   537.79332,   709.38023, 
    829.27263,   891.29290,   892.04687,   845.92018,   747.48441, 
    625.48140,   468.58715,   311.32438,   136.58398],
 [ -604.15718,  -417.85492,  -204.89884,    29.96614,   261.47207, 
    485.55790,   674.15300,   826.95433,   917.94620,   953.43379, 
    913.74457,   815.57063,   665.95487,   472.77708,   261.32624, 
     31.73627,  -182.46830,  -394.25621,  -577.86261,  -741.30535, 
   -936.25042,  -953.05826,  -905.14272,  -797.55307,  -626.13567, 
   -415.57957,  -167.59118,    82.13322,   328.39703,   539.18347, 
    710.13719,   825.58524,   883.22151,   888.30632,   837.29408, 
    752.66557,   625.09687,   486.65011,   320.94267],
 [ -728.45806,  -588.81844,  -409.65824,  -196.75911,    29.61615, 
    263.31918,   478.56189,   671.71609,   816.10801,   913.74457, 
    941.72149,   910.08871,   813.74426,   664.92510,   480.07874, 
    263.37414,    44.40958,  -182.96024,  -393.34681,  -595.05704, 
   -893.35394,  -969.98140,  -984.66910,  -934.80736,  -813.98193, 
   -640.99986,  -414.90991,  -170.37920,    89.26999,   327.25754, 
    540.32787,   703.93628,   817.05798,   875.11615,   876.75358, 
    836.48431,   747.66756,   637.73610,   492.12031],
 [ -806.72856,  -723.27782,  -589.76211,  -412.75154,  -206.05352, 
     22.37251,   250.77191,   472.31469,   661.41840,   815.57063, 
    910.08871,   949.75330,   915.06943,   822.01969,   676.78813, 
    487.47458,   277.68140,    48.76164,  -175.92575,  -404.45265, 
   -791.07571,  -925.02070, -1003.91896, -1017.35759,  -956.98337, 
   -834.26794,  -645.55540,  -422.20523,  -165.37464,    85.57127, 
    328.73162,   531.91126,   695.48514,   804.93309,   861.26316, 
    869.76119,   827.00746,   753.84677,   638.53636],
 [ -818.14370,  -788.58052,  -706.93865,  -576.35971,  -403.27034, 
   -197.10186,    26.03220,   256.59293,   472.10437,   665.95487, 
    813.74426,   915.06943,   948.18581,   921.48525,   829.95955, 
    685.10971,   502.55948,   286.79447,    61.71756,  -179.97779, 
   -633.59002,  -818.55069,  -959.19011, -1037.64549, -1044.08433, 
   -981.60348,  -843.96784,  -657.07125,  -419.74279,  -171.49859, 
     87.29311,   318.55145,   524.08405,   679.95832,   789.57908, 
    848.28635,   856.23357,   826.06395,   749.73456],
 [ -787.41393,  -811.05849,  -783.34558,  -703.96731,  -575.93591, 
   -405.52542,  -201.99967,    22.86312,   251.26425,   472.77708, 
    664.92510,   822.01969,   921.48525,   965.56408,   935.84037, 
    846.61324,   704.19424,   516.04002,   305.07762,    65.26842, 
   -428.80382,  -654.93013,  -850.75758,  -991.82182, -1067.38495, 
  -1071.62758,  -996.03229,  -859.13381,  -657.41367,  -427.99588, 
   -169.62980,    75.93442,   311.87896,   506.01860,   664.03307, 
    771.21134,   831.41591,   847.93807,   817.10454],
 [ -712.45702,  -781.67748,  -803.29569,  -773.97472,  -693.52711, 
   -565.05634,  -394.89029,  -192.30504,    30.95344,   261.32624, 
    480.07874,   676.78813,   829.95955,   935.84037,   974.65943, 
    952.18642,   864.46603,   721.35078,   538.68839,   316.31275, 
   -187.99740,  -442.38161,  -683.01624,  -880.14417, -1022.77794, 
  -1096.19337, -1090.04708, -1014.01870,  -862.37331,  -667.35034, 
   -426.09484,  -181.48262,    70.89385,   292.33621,   490.52562, 
    641.23875,   751.94941,   816.00297,   834.51113],
 [ -605.44029,  -716.61352,  -786.09384,  -807.69792,  -778.07798, 
   -697.05467,  -567.75697,  -396.55608,  -192.78623,    31.73627, 
    263.37414,   487.47458,   685.10971,   846.61324,   952.18642, 
   1000.64151,   975.51093,   888.50519,   747.08150,   557.19654, 
     74.76424,  -192.62050,  -464.36731,  -707.12997,  -910.37008, 
  -1051.04512, -1117.57858, -1109.80906, -1020.06476,  -873.42137, 
   -665.53837,  -437.69716,  -184.49923,    51.07463,   278.29309, 
    464.59508,   620.73090,   730.12344,   798.79292],
 [ -472.87777,  -616.71313,  -726.63312,  -794.16305,  -813.21623, 
   -780.58559,  -696.26667,  -563.58987,  -389.14062,  -182.46830, 
     44.40958,   277.68140,   502.55948,   704.19424,   864.46603, 
    975.51093,  1020.25097,  1000.99944,   915.78409,   771.96555, 
    343.42632,    79.75984,  -206.83811,  -481.43695,  -734.64551, 
   -936.24998, -1074.13713, -1137.91341, -1118.38596, -1031.55676, 
   -871.81901,  -676.13162,  -438.41287,  -203.32801,    39.44600, 
    250.77064,   444.11289,   593.63765,   710.08559],
 [ -314.22297,  -484.88844,  -631.23756,  -742.83733,  -811.06983, 
   -829.76397,  -795.69175,  -708.89817,  -572.83058,  -394.25621, 
   -182.96024,    48.76164,   286.79447,   516.04002,   721.35078, 
    888.50519,  1000.99944,  1053.50910,  1032.29329,   945.69902, 
    600.89774,   358.11065,    74.54420,  -215.47542,  -504.35691, 
   -756.37162,  -959.62917, -1093.75675, -1148.57145, -1129.59888, 
  -1030.27605,  -880.67865,  -674.40625,  -454.99590,  -211.69308, 
     12.04261,   231.63700,   413.28576,   571.94983],
 [ -143.01355,  -330.27176,  -503.86523,  -652.03809,  -764.19371, 
   -831.62748,  -848.16365,  -810.65876,  -719.32655,  -577.86261, 
   -393.34681,  -175.92575,    61.71756,   305.07762,   538.68839, 
    747.08150,   915.78409,  1032.29329,  1082.79954,  1065.51449, 
    830.11219,   624.71913,   362.60115,    75.24096,  -232.13319, 
   -520.35766,  -778.54105,  -977.23830, -1105.89297, -1158.77028, 
  -1128.73540, -1036.75974,  -876.52396,  -687.58229,  -459.42490, 
   -237.20517,    -4.45362,   198.91176,   391.27918],
 [   45.99349,  -148.78695,  -341.91741,  -520.87196,  -673.52712, 
   -788.96218,  -858.21091,  -874.92159,  -835.87174,  -741.30535, 
   -595.05704,  -404.45265,  -179.97779,    65.26842,   316.31275, 
    557.19654,   771.96555,   945.69902,  1065.51449,  1121.48224, 
   1015.12954,   861.90666,   639.02196,   372.96762,    66.17513, 
   -241.14317,  -539.83826,  -792.92213,  -990.13056, -1114.37876, 
  -1158.39706, -1132.32810, -1030.34465,  -885.30387,  -687.62865, 
   -481.32232,  -249.89169,   -37.04277,   177.99364],
 [  417.81781,   243.05608,    45.48294,  -163.08716,  -369.64760, 
   -560.79135,  -723.55794,  -846.28951,  -919.43428,  -936.25042, 
   -893.35394,  -791.07571,  -633.59002,  -428.80382,  -187.99740, 
     74.76424,   343.42632,   600.89774,   830.11219,  1015.12954, 
   1200.79238,  1184.30070,  1084.91193,   913.76639,   667.07590, 
    379.48896,    54.81394,  -261.54749,  -561.90294,  -809.10165, 
   -996.99227, -1111.49575, -1148.91600, -1122.02589, -1025.00561, 
   -891.04423,  -706.76642,  -515.27823,  -294.90076],
 [  579.01471,   431.55376,   250.23526,    45.37435,  -170.77366, 
   -384.72580,  -582.58978,  -750.94507,  -877.72622,  -953.05826, 
   -969.98140,  -925.02070,  -818.55069,  -654.93013,  -442.38161, 
   -192.62050,    79.75984,   358.11065,   624.71913,   861.90666, 
   1184.30070,  1244.38095,  1222.47350,  1120.20658,   930.75583, 
    682.30759,   375.36777,    55.47848,  -271.83522,  -562.08240, 
   -810.33057,  -990.61037, -1100.75792, -1141.27912, -1108.98689, 
  -1027.87390,  -887.59111,  -726.67043,  -525.06931],
 [  710.86650,   602.69634,   451.23135,   264.47580,    53.03747, 
   -170.45106,  -392.06378,  -597.42798,  -772.63197,  -905.14272, 
   -984.66910, -1003.91896,  -959.19011,  -850.75758,  -683.01624, 
   -464.36731,  -206.83811,    74.54420,   362.60115,   639.02196, 
   1084.91193,  1222.47350,  1286.78592,  1262.80592,  1145.15251, 
    953.46789,   684.78807,   381.86334,    47.60658,  -268.72175, 
   -563.77590,  -800.88634,  -979.62343, -1087.69292, -1124.85351, 
  -1103.97830, -1018.53577,  -899.81118,  -730.75818],
 [  796.78503,   735.22178,   623.71622,   467.42366,   274.59900, 
     56.19061,  -174.75563,  -403.85303,  -616.24653,  -797.55307, 
   -934.80736, -1017.35759, -1037.64549,  -991.82182,  -880.14417, 
   -707.12997,  -481.43695,  -215.47542,    75.24096,   372.96762, 
    913.76639,  1120.20658,  1262.80592,  1325.59674,  1294.42406, 
   1174.18544,   962.65987,   696.93404,   377.01412,    53.94693, 
   -270.78919,  -551.75336,  -790.34875,  -961.75162, -1068.80222, 
  -1111.96992, -1089.11775, -1021.97042,  -897.69967],
 [  828.69964,   820.60351,   759.23884,   646.39069,   487.23791, 
    290.15798,    66.31704,  -170.93693,  -406.84564,  -626.13567, 
   -813.98193,  -956.98337, -1044.08433, -1067.38495, -1022.77794, 
   -910.37008,  -734.64551,  -504.35691,  -232.13319,    66.17513, 
    667.07590,   930.75583,  1145.15251,  1294.42406,  1358.37757, 
   1323.99935,  1189.76948,   979.90288,   695.54324,   386.30352, 
     51.62318,  -256.85912,  -542.36359,  -768.62710,  -941.51399, 
  -1048.55335, -1092.32008, -1083.18660, -1013.54247],
 [  805.57676,   850.81283,   843.00785,   780.50110,   665.09240, 
    502.06817,   300.00204,    70.33627,  -173.23946,  -415.57957, 
   -640.99986,  -834.26794,  -981.60348, -1071.62758, -1096.19337, 
  -1051.04512,  -936.24998,  -756.37162,  -520.35766,  -241.14317, 
    379.48896,   682.30759,   953.46789,  1174.18544,  1323.99935, 
   1383.50443,  1341.48934,  1207.04232,   982.20178,   707.30324, 
    383.86338,    66.64040,  -249.26941,  -518.03604,  -748.29299, 
   -914.90555, -1025.18654, -1077.02376, -1068.72846],
 [  721.63482,   818.45384,   866.42425,   860.45843,   798.73981, 
    682.97501,   518.42635,   313.71833,    80.41795,  -167.59118, 
   -414.90991,  -645.55540,  -843.96784,  -996.03229, -1090.04708, 
  -1117.57858, -1074.13713,  -959.62917,  -778.54105,  -539.83826, 
     54.81394,   375.36777,   684.78807,   962.65987,  1189.76948, 
   1341.48934,  1399.54855,  1354.57338,  1209.29087,   991.61090, 
    704.89892,   399.04291,    71.86657,  -223.79933,  -498.91353, 
   -716.78210,  -889.17747, -1001.12951, -1057.22183],
 [  594.34172,   734.63588,   833.26272,   882.15986,   876.14303, 
    813.35982,   695.54353,   528.04900,   319.65396,    82.13322, 
   -170.37920,  -422.20523,  -657.07125,  -859.13381, -1014.01870, 
  -1109.80906, -1137.91341, -1093.75675,  -977.23830,  -792.92213, 
   -261.54749,    55.47848,   381.86334,   696.93404,   979.90288, 
   1207.04232,  1354.57338,  1406.04330,  1354.32377,  1212.54131, 
    985.65745,   715.10530,   401.47230,    96.88300,  -207.17126, 
   -464.33279,  -690.25616,  -857.55429,  -977.04341],
 [  421.86614,   595.73570,   738.26865,   838.99183,   889.70075, 
    885.08361,   823.18003,   705.64603,   537.79332,   328.39703, 
     89.26999,  -165.37464,  -419.74279,  -657.41367,  -862.37331, 
  -1020.06476, -1118.38596, -1148.57145, -1105.89297,  -990.13056, 
   -561.90294,  -271.83522,    47.60658,   377.01412,   695.54324, 
    982.20178,  1209.29087,  1354.32377,  1402.78897,  1349.56842, 
   1200.97650,   986.92361,   710.72472,   420.23916,   109.84186, 
   -171.62644,  -438.68772,  -652.79805,  -830.56282],
 [  234.30003,   428.99878,   603.96728,   747.11358,   847.90397, 
    898.10844,   892.42337,   828.93516,   709.38023,   539.18347, 
    327.25754,    85.57127,  -171.49859,  -427.99588,  -667.35034, 
   -873.42137, -1031.55676, -1129.59888, -1158.77028, -1114.37876, 
   -809.10165,  -562.08240,  -268.72175,    53.94693,   386.30352, 
    707.30324,   991.61090,  1212.54131,  1349.56842,  1390.54122, 
   1332.48918,  1191.47055,   973.43704,   718.67132,   424.80136, 
    139.93398,  -148.55255,  -397.57311,  -624.52410],
 [   31.30359,   232.82012,   427.54030,   602.62579,   745.97979, 
    847.06008,   897.62018,   892.33721,   829.27263,   710.13719, 
    540.32787,   328.73162,    87.29311,  -169.62980,  -426.09484, 
   -665.53837,  -871.81901, -1030.27605, -1128.73540, -1158.39706, 
   -996.99227,  -810.33057,  -563.77590,  -270.78919,    51.62318, 
    383.86338,   704.89892,   985.65745,  1200.97650,  1332.48918, 
   1370.24018,  1312.91746,  1168.95557,   968.22307,   711.89851, 
    444.17149,   155.10114,  -110.44784,  -369.78826],
 [ -155.80254,    40.41237,   242.02705,   436.25599,   610.26738, 
    752.01109,   851.02570,   899.18051,   891.29290,   825.58524, 
    703.93628,   531.91126,   318.55145,    75.93442,  -181.48262, 
   -437.69716,  -676.13162,  -880.67865, -1036.75974, -1132.32810, 
  -1111.49575,  -990.61037,  -800.88634,  -551.75336,  -256.85912, 
     66.64040,   399.04291,   715.10530,   986.92361,  1191.47055, 
   1312.91746,  1343.63156,  1283.87452,  1150.91366,   949.66942, 
    717.47397,   447.82988,   184.50975,   -88.70645],
 [ -328.97139,  -151.19853,    43.58256,   243.50089,   435.86869, 
    607.96853,   747.87042,   845.23572,   892.04687,   883.22151, 
    817.05798,   695.48514,   524.08405,   311.87896,    70.89385, 
   -184.49923,  -438.41287,  -674.40625,  -876.52396, -1030.34465, 
  -1148.91600, -1100.75792,  -979.62343,  -790.34875,  -542.36359, 
   -249.26941,    71.86657,   401.47230,   710.72472,   973.43704, 
   1168.95557,  1283.87452,  1312.44030,  1255.82154,  1122.71110, 
